ISS (ZARYA)             
1 25544U 98067A   07243.38815515  .00014324  00000-0  92411-4 0  8918
2 25544  51.6350  75.7787 0008483 311.2599 123.4473 15.76399639502645
SOYUZ-TMA 10            
1 31100U 07008A   07241.48450932  .00014744  00000-0  95233-4 0  1144
2 31100  51.6354  85.5891 0008196 304.0450 120.2932 15.76343987 22676
PROGRESS-M 60           
1 31393U 07017A   07242.50489031  .00015142  00000-0  97538-4 0  1529
2 31393  51.6350  80.3314 0008401 307.4801 151.3335 15.76377199 17437
PROGRESS-M 61           
1 32001U 07033A   07241.48450932  .00014744  00000-0  95233-4 0   287
2 32001  51.6354  85.5891 0008196 304.0450 120.2932 15.76343987  4239

